
1014359216451318
1035530068154229
1036900259612101
1041042932217962
1044497474783745
1045018405949540
1062621782763193
1074030617644650
1076644252932780
1082935818426629
1103997663835435
1111493368834547
1148034637284613
1156829428939988
1165584695275884
1201854375905261
1210098658590132
1223599429073430
1237172744252176
1249656990181298
1266881858114375
1268135875946090
1275004785733487
1285399072816176
1286995295584812
1311805542429743
1319934609429252
1320300567117120
1331010122022054
1340933384798643
1343446898286671
1388008950160893
1406263759062458
1432937306593613
1442897299178867
1458918320186558
1462653318380537
1468363992237055
1542202825041970
1548728260624947
1561401265087601
1564519665663690
1573980011242535
1614345256326284
1637917104145600
1642463282659931
1643944216071997
1652286286336824
1860057792321828
1888017919320844
1968840803668535
1987967464969744
1999669537738193
2011318199908379
2036938739734293
2059674841450790
2062634181905068
2063334066660695
2074135679891663
2081582287723398
2096957686828311
2111196569195031
2138927960900236
2232035155227041
2248886663879111
2254254109326626
2275581623741078
2288359568256291
2292183421324796
2379544750966884
2412917155018982
2416773037079728
2433881002620626
2437135912930912
2444866597583747
2477375262987600
2484756149659193
2499396072856332
2518196687175218
2554824427641528
2563677870760681
2584168025905991
2612485920417142
2638434151406908
2716398893790948
2757845537860392
2803458003132131
2867105883715754
2913410735134984
2916506559143893
2937675247307816
2940114587050728
3012915817120786
3049688332487136
3063313706026188
3070860293598083
3130488363942286
3139393830571062
3217901829984069
3229257260999962
3235750184988853
3265818814425110
3302291400177768
3303869973999114
3333062629656151
3368287559868624
3443458586916662
3467559853745146
3500867706055335
3551410817962443
3567822901850730
3569162860729260
3761179942900064
3776451371732928
3784395006472342
3800861575176087
3818795933363003
3862812110733692
3875881761069988
3919216471456513
3975456004598653
3996722007875973
4063903914172314
4067844268455916
4227374330268703
4340959541056068
4376252569779006
4409717532620231
4423867909596738
4456794585355317
4477734289686139
4487549427078237
4492096323904731
4492517951033953
4503469474903509
4529083353910390
4540759338210545
4548972959672117
4629640259004964
4725114599189458
4741364852752788
4791485366783892
4887175369379735
4898206160299804
4942401906112915
4944781790908796
5043883860383054
5111697468882721
5128145391053437
5149144291050641
5169984438057889
5211188788593597
5227102590558812
5253198861063324
5332745580424173
5335126010208674
5472746626257839
5558736093779040
5572706773589522
5607956161502135
5614648616659681
5644078908020612
5687536399413021
5747191803220534
5813736240141491
5827656329960595
5840749165818965
5861548364084440
5881807297499952
5900547357212311
5912483827768091
5988089686487304
5998541849364884
6013243109545614
6029661052327889
6082656783769939
6140347193277356
6147682692981061
6195363476799749
6321721009893492
6329948807706153
6353214618665659
6357256782764236
6430183397141721
6464392700566785
6466475570428783
6491674483604993
6527387117317494
6535665429607800
6537799036260082
6545823674503785
6599744219399417
6599953496605982
6601224474835188
6607638043155568
6720163655135824
6801316158745989
6805098578717097
6864126959811687
6874681399460263
6879169337271346
6938351173271104
7055653331455815
7095338830120010
7440319399050806
7460065648685766
7467878713673641
7571352501557751
7635276691206293
7658012602785201
7714429483382414
7789406304262532
7813053857817952
7832991953695803
7844350922392319
7959063229484044
8018772613542754
8156244911306026
8240124945631433
8264068722652321
8267095681720037
8341327234943038
8361983560881829
8450134553315615
8502281758575141
8545885953852902
8669384132094133
8679359444503607
8824794045057649
8882312880908245
8938027970774894
8942285160738605
9050869730289186
9167307654422370
9429007107489344
9458367473374849
9522896329987076
9805598089795431
9911235133018746
10012062508759590
10054787025559300
10064617972720052
10090111519450302
10108058268342865
10124429432574899
10235268463156527
10345340990361957
10363522582338773
10383958324838362
10563685932695313
10567266148378578
10750189456284529
10776172719835203
10813686724232988
10922316308874352
10956697683758439
10985277678179425
11002315863323765
11187202570882143
11307698768003384
11312124961254099
11414307615785598
11433368725346489
11538845592762794
11864384936682124
11876490102926324
11911977375587220
11989058288218658
12281837468036858
12296485681096640
12371968812530466
12420895599647997
12728497245066447
12945677536501388
13077194767222293
13249243372878583
13313097029578630
13354038582250882
13375898800653635
13401040451824663
13402905082218370
13477995969099108
13505855451088760
13521599276632038
13541016618788542
13784360389957261
14008467339682346
14023582425252825
14484546662609517
14525664007738800
14561220002966265
14582351187856050
14615671193938874
14876337087723952
14892029071713526
15120078694712874
15228384957665772
15403005219246214
15407883708017517
15644881396172654
15656987142069848
15722577413083350
16003513672743932
16058179490341316
16070157986385727
16089944610647435
16091560814553093
16121159120543384
16318002335275342
16534790259768170
16688620886022826
16744830175137158
16782302589101540
17036839541058149
17102591090794489
17117727776833920
17142409272996508
17209825064435962
17335789625852724
17417318518663349
17583049813828135
17688438257482255
17784299964648948
17811029756285940
17864201664755537
17895618981252497
17923058702714871
17924664412490848
18036150693963947
18089202463574830
18342268107328509
18444965969661650
18468530537890420
18504880875858515
18921797327786004
19585741586581342
19865704236091710
20059247346371583
20133839345719428
20160913877219546
20215910565863375
20490838393986672
20526050682000836
20746531539354230
20751538352240598
20787853489773974
20839381137162557
20878854802445555
21145329217558825
21162284713456391
21384281062070524
21424524912553138
21701000965716328
21856987316669710
21914174786746504
22009743838461502
22048481946859496
22343939859180859
22409315123617454
22512381335096570
22912729563533316
23104204440639530
23113910264211530
23245757576703426
23294902043395209
23356735048458922
23421822255490548
23429226905948478
23442115150241103
23475345338859075
23797648698596665
23856515886203758
23867247043652864
23871829796430551
24017679702195596
24538161519534513
24604717198161738
24623201315528853
24869903191955064
25119363697382134
25237534033291863
25244672912419481
25378409434136212
25437199640907588
25663916119227593
25778657812242785
25810161717642705
25946806425880064
26036125950529042
26097467270623246
26176577909521200
26200983318780002
26400579713133348
26409397714143778
26452902357626071
26601825367278414
26672689135585632
26758807398036771
26789999218142868
26791158625324537
27056188208448187
27121583247582083
27213323135803271
27228235828512540
27632574172972647
27845589586607717
27890040298208239
28144704391608492
28172546875698973
28565979039892580
28664894055251811
28665611868874560
28798993543700465
28844695950810190
28972045851205448
29099038655144903
29177661246825579
29223717426858014
29291746750129994
29314063158213885
29733101722810182
29775301828790509
29911930512323733
30075502657826855
30246883872979059
30269734190300488
30354727009053542
30524429074656464
30750309037762478
30982010708368171
31034381318393497
31164978009066474
31262711106872030
31359883147412145
31449925332015603
31819775389919916
31822096530309456
31825097916814521
31880289769457468
31887998774281790
32187393656927790
32343607270885233
32354498692645181
32419314739104779
32663634083594017
32813045530966665
32931429134139579
33156544301223794
33240667190995539
33319735630900485
33548552824318823
34212796217902463
34477541122693809
34483024736619153
34801732522446156
34962649912414481
35045920124472442
35280725734992574
35496609561851480
35590343361302400
35804991168072428
36287588604979126
36545125057037533
36831254961023298
37060593801581807
37253649421595529
37294618179405310
37391086944509600
37631065109182134
37650209042207409
37975395347084440
37996775340915661
38181106570822051
38217708572176210
38369791462908816
38499596812735325
39024757982196083
39399910757670124
39593379026877002
39761151534546616
39761763391316319
39772754705289609
40181622179472851
40282547597692025
40389095020625031
40581674121907267
40646399829968749
40991609792191783
41105825716821308
41512576612169007
41937990723444543
42038512893289960
42219414700758725
42437578846162808
42554446931194643
42630082954205793
42744497296597397
42753834933361115
42830235450556704
43002620253091727
43250073552181499
43446929298794126
43508160695268196
43936949780636502
44113956382704203
44292061722991970
44333247623693959
44425322402086169
45094287850977692
46209665747478739
47126388721557517
47181961182053904
47208786137425176
47340949330590492
47379507516667692
47633575421542001
48586957066705814
48716198921538879
48924169185690024
49085245148167220
49167474202694738
49374767879292170
49794714336752142
49878027105243222
51397616212583618
51799429523613149
51913869241139735
51922587213121951
52009082953820146
52150944495953251
52292859929756055
52716715155758474
53467643461604201
53512125541739020
53795914987842942
54016459760803094
54187389095595533
54329078389652198
54423487778611956
54495305351653158
54515071736545288
54789929621912822
55301453287968449
55482640967249911
55547395366911681
55562203557495848
55991275245531740
56787450831774859
56896800676800064
56899996838336879
57018979563087580
57215986821638411
57240546239974533
57262262344542417
57551751334588303
58067670767206756
58090834266059159
58231401017168420
58279413259536175
58332938871689512
58404045901838777
58667876384946638
58755483720236400
58876198186959059
59168964581202742
59500639566451815
59692204833983885
60478402863301738
60522238047897297
60854384922966876
61245259126328495
61743286982869767
61985366339815820
62126941359173528
62558130509869500
62715427439621347
62732311908087136
62778300877050771
62975499076651909
63012534080646253
63155089019513962
63323402958240310
63456114079332040
63582361666154863
63726457888056767
63812321418045294
63953464525397174
64094158519759337
64123927853430606
65086962130410394
65115157857695272
65236167790915611
65712010860691428
66130684282534272
66486249687379556
66799272318068147
66987496368955803
67014418537272309
67080824351078210
67125506374441960
67210320202584804
67597715199624749
67733895651712032
67794575618379419
68003917408577659
68133857459415432
68270887223270215
68424518020671927
68469006689063644
68691500301132029
68841700145372863
68970468663037284
69498208593868372
69686508959529477
69832557879274450
70376402407937272
70489234702665879
70963664710781726
71073594134712311
71463733413528406
71849829651632202
71935822304803138
72100588417667598
72160226317694628
72517720925365546
72810621778579240
73089126340847385
73518637225788570
74024448516383041
74729619528495747
74772397771875843
74956044546649233
74997289480303713
75054937612772117
75123198173422740
75310058757464733
75652172664728048
75721382088129346
76334324996528152
76717837821653168
76915658727373913
77881986783948298
78672429199719255
78734974381894779
78750023967474498
78865385841628984
78977832785528754
79290393269501440
79799431631754698
80244441237039435
80954715899057687
81001578298218694
81343995013146673
81437477361557809
81583587867340893
82021651221601473
82040580184298270
82221391253517934
82490198592055957
82546500470292609
83210344658100111
83291915447106398
83875540522353774
83896872516037458
83977487190877905
85103231736634252
85379103908603829
85836308685683650
86061932227506041
86577580103159272
86742523887181001
87141032529769543
87187392107150891
87661509774373046
87683598463418008
87825321182655457
87922715226163182
88546625516762382
88615706053958792
88843182629963013
89018783909404079
89467144254709648
89497848605904105
89786592230407837
90713097411684488
91906242274586057
92379994913904382
92592271467262580
92905384037423756
93013929790998079
93301298084347671
93816098127322593
94380337105259980
94445853525353927
95613567133825385
95905477579966307
95916808573931176
96142757764677210
96462757140313068
96864196470611488
96911250492310783
96931360905224784
97176930484440230
97463105465791516
97631485363682134
97645399981414688
97645619476355498
97649440525298547
98038360038625491
98297406164525509
98327096824274093
98327651610931922
98688902517850145
98968580776526002
99872423879295536
100648193667940462
100870450969216973
100880267978065524
101308903418347093
101312345398612531
101315115756610999
101445438671174860
101624193464001254
103233522415883528
103268592707239658
103367879177898595
103409018626361426
103573497192438168
104035658273540620
104117688334493404
104537388950888579
104734077177679441
104901240730102706
104959051037970224
105009804243631866
105693013629669922
105740017984193650
105793905516108218
108067257168526145
108498485978921985
109802924357760561
110876379969485708
110968518355424616
111013131322060818
111030619366731151
111037561686790699
111229994215331601
111511315663705640
111734084649741331
112033828133918907
112095352190057378
112360064289228698
112390489373191698
112879195187636874
114158807822623481
114422090467637466
114619661627344026
115634322597025789
115907764504542229
116462037311107687
116498463069948611
116617849048937852
116676385089086489
117835907593596196
118018527012457088
118720274554788168
118822001389790301
118824202687376326
119678475717242966
120728575475301178
121519578176871866
121804592090447303
122109323450927542
122238239417587116
122897773824199298
122918533802667964
123121581455351246
123215576957750051
123505835230689207
123534712885984259
123648232969549681
123749147910109984
123915190259373427
124914832806183976
126776086225052723
127092991436385202
127432300301427321
127512041010450994
127837917495059106
128145025165284408
128797566354779027
129141678712176398
129405410956630017
129776465995144299
130297079018408578
130350590217060048
130387078239412860
130613562097672899
131325881966383545
131599412423169159
132413814116326425
132830109000910022
132862369241255505
132870466259637231
132952607486800298
133284826507375679
133364122776276062
133838844617255480
133945613550747564
134249553053412993
134305213971742788
134461598983383396
134842360893529385
134856420305256602
135225014825419465
135344646522588043
135491381934745288
135626511775808691
137965951151257763
138068714238332690
138865163645203381
139861959772965477
140553710756436741
140565301508574326
140833758809177004
140974597642686677
141163242547071243
141985867496125868
142260182966951305
142494387644019391
143793526093307217
144874641196145006
144964952260509142
148114172245572023
148496018982072884
148718512070609959
148872887286813772
149001788899850363
149011776593810878
149596265317290247
150545760484667031
150944812577874712
151242131745289340
151313096877755699
151384073587011950
151675108707744599
152093417388846412
152135750151127908
152956019684599114
153016202136295614
153330332078655804
153362297108531816
154136440759187289
154849294483790192
155071316110290620
155439013852121866
155588832157081475
155816067873247100
156558356335896527
156681661409773121
156946417415429541
157431914961869912
157666310668478805
157714738047023639
157863335160606506
158337390847565624
158893667759630948
159027294169290078
159077727308468357
159239009414198612
159800656870677108
160514234466745111
160827813034237527
161027083794773021
162345187299720543
162692515267028135
163403249386100846
164200690839811419
164501265678938149
165419403280937496
166157365852665157
167759815770361097
168488671533437810
168937017001273604
168939918628095674
170955420263925004
171194923875437930
171506209420491547
172707820022429841
172743995967507027
172813518915344425
173479039644712414
173658570000252847
174208287189019566
175329762029790874
176064058994579810
176162492150927529
176817994582777402
177277196479851983
177703280902096485
177703838383337337
177814374746586471
177834659957837856
177978883722006712
178019500371570267
178328442516410805
178754965350550520
179805631213903320
179931584525692652
180468590569490327
180570631029554447
180613135057785615
180844012540252433
181849204268710351
181930487297705253
181997182705074205
182180470053713733
182273824290901289
182759060186263772
183837130763830841
184453255940824290
184898122824879182
184987640956429306
185066595288439210
185429254687946964
186166211302060630
186200508369470142
186614303742389848
186719885215807661
186749527702424730
186883318320866641
187971980179448196
188665321269695521
190406505142088326
191481707789777349
192916420283144849
193081044607678875
193149000861962205
193376107032734270
194154681376928443
194879666025956318
195404923233445914
195448077346251360
195665308240109525
196497998131685726
197219630925289366
198480560182233482
198540921921418968
198901090796006651
198966515698330654
199029396694034205
199306812691673171
199419697576879105
200534889566060169
200624259046043637
200860151762711746
202029649166741198
202789445556078793
202920400372019544
203070957388451640
203798612874043747
203994680179128204
204064900426002199
204904831681233831
205219465625400943
205808469521444956
206231439708161906
206874523239425347
207189828601113504
207361649430588277
208681569728000891
209528286391158392
209818956457158409
209840493555344041
209856843393964771
210367883288649957
210927172032407551
212426641694521086
212746259487690755
212956921869202802
213114349543719102
213802860998871108
214111062257100477
214916427910545599
217189454516861905
217610425439889477
217627178840524444
218347410768624805
218545708622833537
219477904232849435
221128885488824670
221207211088098778
223794244907476995
224356699411327684
224398070809286659
224628754597794497
224683364335446187
224903969604020976
225055972537410734
225302355179935575
225842081044729046
226912334476495965
228051521881814040
229909662388653376
230301634630507431
231327211270024829
231746160177077262
232702842278073609
233373997569901351
233802155474459936
233905279021256597
235699383707162730
235987069098538195
236098648900088264
236289185022970464
236532547575304338
236671071546985216
237655295780562516
239120807356336561
239363100815053824
239605298620823440
239773551761706675
239794071592742108
239839184944719321
240074087865805508
240539086040574492
241514336810931220
241676344020595614
242884161070829227
243425254237552971
244443764560202660
245504136375638748
246832423962105415
247663215475877337
247924127725365897
248426011436938022
249138788605706269
249745665904049045
250011660601892207
250152600076237913
250266229402425156
250961694303487053
251934515747264526
252654418129217030
255182006959021791
255475443747011148
255496873428971282
255815514740902982
255849781919546473
255938784586427807
257395727871761585
257898490798225486
257967998743867775
257992329367185586
258234697176057710
258443011710967870
259226917562192935
259989043956238176
261233752882715795
264273499470247614
264312597849096065
266827665869564698
266903112624738720
267469605940212875
268503119386545913
268533008196672118
268922818079523812
269776997088615078
270254870232838518
270926978647590057
272111426737473143
274777896393146489
274805139716892453
275998873174981916
276273670865844269
276868862879409742
277009016436753733
277601535950479211
278098031477542163
278909848018012367
279147153203385253
279826095313287884
281599649341856478
281639827215319552
286265023332490279
286935869385077869
287821962294895257
288610726005289989
288635171499117072
289645165622607045
290020201225425865
291672001871080938
292312243045688970
293139814289736116
294540755448630951
294683259802823911
295749923205072258
295811502317332036
296107242270604585
297437071055342666
300549495471985949
302513138099655082
302618202789854631
303841222735042172
304432007217549143
305880702103024239
306004742744034077
306613916328757379
306959212254140007
309106506956294916
309917525719109548
310073136054052269
310405907698801780
311714527672898256
311856365719920765
311944308989237088
313907208475427744
316064781115900307
316644353230149479
316654671509599965
319496364195242323
320421608718090294
321717097750941757
323013604233082593
323101573749440014
324813540689025722
325473460113832417
325501166523250343
329497074685618572
329723224259135495
330364842937622083
331403568003376591
333919751129016210
334273434249273158
334744175564510481
335308642201831398
336007181477158692
336218246641076463
336723246671674207
337184299256804000
337927510358510554
338589973443392259
338872521718187943
338921549804210629
340335442868294941
340684492599137393
341146126749010569
342336148410358499
342773188624046512
343244178997840496
343785564721738308
344081410248174029
345095117368152572
346318072431280811
348982163503145244
349259319128999731
349497088188490183
353432883071144479
353497390561173292
353545783137623721
353668169536590033
354704360094360871
356025355661934861
356099823437856266
357312754050927727
358559389590068732
358776612892710353
361561093067287336
361937553761780073
363676770644729137
365012143909137215
365034417968281287
366289362101375395
366891199766359337
367097852662323059
367313372301949800
369776091502552014
370954105689086704
371252298429477617
371746957754413457
372321912115023379
372897484190665275
373397784449536829
374439487492088198
374834170016276633
375018991236758130
375576236209833091
375581214877597592
376520381538226572
378594294844860270
379031458640611960
379195870509995416
382995634425547186
384268182753694207
384681636716799784
385256950457441045
386160002012698495
386948099727921079
387397750837977343
390427910362834100
391120183889139228
392073199463199996
392162598333442105
392405840592613877
392770604100985696
393395455964566029
397032958735544287
397381056359086961
397492800117402078
398152905413187568
398317077680669897
399698591321646753
400287561582981822
403928455708606696
404709785627061626
404734082559615071
404785046383527345
404828058849392624
404917051495802540
405618022645245579
406332096327437718
409427134491888269
410433004872471872
411016077371675241
414425947084393385
416985189179097962
417434522967200105
419758557328955066
420853804972376151
422615358654621914
424427627377711710
424677743257891094
428208582479488209
428781268656553696
430622032180523480
430937960343632388
431275195760090760
431921461198184474
432905266971708116
434719854838734528
434896667013498586
435475388642482522
436122339772301639
436909130622734081
439044086343853702
439684198907846456
440018692799772031
440614458843483299
441114016887298492
441615987139696748
441772109941308958
442770018169109319
442862785834462388
442892981304594364
443409245224142575
444745014095535367
444818716248958910
445995542872379592
446566633746106969
447465350715755111
448578924409023837
449386101290145694
449497001635905763
449971507900423254
450414706897745431
451923804420681169
452077798211901481
452908329851364722
453773366937983211
454986078816768029
455311276749420504
456710014835793041
457491676935092990
458085035321993308
459377117908389091
460052766392182007
461983490173169399
462227747317951817
462614433108365128
463026644261905330
463559830922570239
464397050834925039
464439401503391655
465195454584683957
466491624861114020
466829069624658980
468839299668788245
469112445618542020
469702475371940037
469779215858111433
473162178923102117
473470862953722230
473840208610221617
475275499384390878
481374845073921155
481645492301239288
483556919681168879
483684266147180961
483748644531667434
484389100770871690
485266621810684742
485445902807302463
486801570815324434
487225450006832855
487719103003607200
488203024699838227
489345388385434596
489405950737261711
489693607769898796
491737155961682469
492211950067875524
492286527992354324
494207334947466275
497937618627321269
499038086658110282
500642753919969216
503908568537336847
504349961513122377
504964116149267288
505543347458948235
507010392435620623
507131012849838877
507378792428547106
508967299198203788
509540896043240318
510145761197119536
511512868149541164
514194276259859009
515820040072017889
517873696683339486
517934287653863950
520491506835886630
521316953105165196
522563093827402168
522579991047513102
523429803431196190
523606480946809025
523615132390925655
524503553115872265
524528590365250807
524562255674853402
525877523649610520
527684172576941178
527961824781906763
528184765137230681
529943660768346032
529961510169604921
529984029029708266
530357854431620474
530487454333444817
530764217951865145
530792234307172245
532778942150462000
534211940819456522
537839712530923707
538088574234291401
538990666657740907
545145407765432590
547176433442237997
549339686307561570
550007509695217786
551399904988083621
553536407253625487
553707160085256716
555731440354188568
556810893214182669
557029706942729399
557623600620370198
557778253062863243
558229694732674614
560519501086747510
561501996699988894
564062891626398404
565276780184933504
565939033898464515
566658593642985931
568157633231023289
568623392343481304
571406339744947985
572517461851592545
572645313382105480
574355404392189249
583020111866571015
583133022805782724
584910182955457515
586497292621888654
586958401424810784
587638483335490333
587985374528442585
588904934875873630
589426534397810578
590188617895781190
592383718083383103
594438362700220886
595173695152570578
595449923816495021
596262488856546209
597452065603394565
598268189403773669
598985581371465389
599201817011210816
599913165532739666
600486699242679809
601139820146616668
602539529034626415
602613642443309441
605684803944997545
605934211739101935
606565813323805872
609745931974727360
609771067122832257
610155871595356688
611407493960362457
612598795782147775
613417159417832706
615733736889377785
615998019812819021
616024589516254561
617513908078879894
620432024538688007
622512840742073802
623604187400420545
624157392976546085
626370920108734232
628291025578811135
630327806847194397
631795942240106725
634348861219519376
634808043511454900
637244371791276675
638390706063853778
638476157207912894
638753634338414738
640486191426237675
641169948507783348
643404756074327933
643838545937790226
644922135935682345
646224979889382785
648299205062819157
649526717237174235
650016461197557691
650364142548518964
650760405620375606
651040023677178952
651164103637442074
651664104513381259
652981790728462453
656948962608027575
659996338297620073
661376509570350470
662572076356033470
663185531215259230
664780337277583054
664883918868949858
668174035742702212
669290353350740254
669574845741039522
670181680150944614
671833167246812698
672369762167143863
674073348526541266
675412343900622166
676408006052478412
676735833852806542
678106323265038608
682150716302099288
682355289539927278
686521550345144473
687448782084368881
687623286097383787
687656255749842655
687747683129889126
689467893972387949
690171079513999436
691474930626584975
691695447898279093
692588811937953640
693173139596597427
698922545020027247
701295731342362158
707397525186997277
708758682183572541
710474947299547170
717194438484712443
717213321148684355
717324561496603258
718084569541693162
719493219928413069
725318152818053035
726231140649890758
726282563247652652
726469744625367927
727728492385605209
729204807260724867
731564299678458409
731921199098358039
732029440926762580
733511126680374600
733740308098512276
735033115162080829
738443405550473880
739482779417766642
739530652726857531
743007514529155435
743394650956800984
745199486533723126
746582691573966205
750349170743478308
750900584351625581
751919909163068625
753870277802984372
755464626124737962
756186561412582072
758477239173814714
763354252876590306
764150537912459404
766099689969120878
769780581256645751
770870241492750806
772546976163501435
772739136469853497
773057797922583266
773319830078140285
775178326466364621
777570296086552550
778957345916760045
783550722591892263
785479121243248801
787872036309013754
791673365650790877
792416088837256238
793390266753076364
793451033688466842
794389093047948472
797035494844129205
797613190282000935
800539141088252321
800899615018702251
801647007623435708
802527672704861787
805895324797692069
807005742718405810
809688349957391936
810347581719981068
810568858452711544
815201441338181926
817546169364829349
819892378035610108
820984850474326886
821599980405064622
822415140727419153
825328983872865757
825651259613403620
826632100325753409
830658849101818050
831721011377145108
831970536735451470
834103541805484627
834537123106165730
836037685509352540
837318380882060718
837482883096246684
839722326963368761
858778411883554176
858951948401167974
860463196891869390
861391238823788995
865568942017171081
868197495051589279
872660021037952097
873281619729848650
873959969235567228
875930806526789724
881501449114842962
882744769461316946
883727518244483077
883918126963385889
886021953666507503
887442145958869412
891364286709026927
893276316800782296
894818275270022786
898463331477152165
900097392781602563
903731703163069767
904364571533959806
907697567452772038
908339832835224073
909115497932073277
910707889948495654
912562739758712712
916914345720535187
917932403170656782
919970967247818877
920621938563152571
923179883497218204
923310569989288862
924062085028623025
925561345443910012
929694329250140606
930337289582505818
931624320738942106
934506070125726512
938186993837199865
940117312763218305
940450107014242616
944728548263714429
946529663229939887
949096728342611832
956445726388276507
958784177871186162
958821433061941824
959911552209708065
961073966200790797
964516248107383383
967395087991198489
970093742311696454
975486771956620642
978323378393300944
981637256602130301
985183336763578768
988293262548361659
988761081365313112
990317109350882127
994890313267066812
997086499676530618
51726850626
dups  1627 x=1e+18
