14720439                131
14720439                941
16535628                1123
16535628                569
34714710                2389
34714710                401
40741208                131
40741208                653
61436388                569
61436388                809
603346308                401
603346308                919
1172360113                3701
1172360113                4673
1368156941                1367
1368156941                16519
1574100889                3623
1574100889                613
1924496102                11657
1924496102                2803
1989253499                3359
1989253499                613
2021860243                3701
2021860243                4297
6774546339                11273
6774546339                47513
9770541610                1663
9770541610                7243
12230855963                10177
12230855963                2777
12311606487                28603
12311606487                3257
12540842446                11087
12540842446                479
14513723777                1663
14513723777                6323
26423329489                1709
26423329489                32401
38648724198                2777
38648724198                6967
47638558043                28097
47638558043                65731
50195886916                479
50195886916                6857
50811319931                2039
50811319931                21283
56449248367                2803
56449248367                4127
86659250142                4561
86659250142                53609
105146546059                29587
105146546059                6599
119789313426                31847
119789313426                42299
125958414196                16763
125958414196                26183
134051910100                183047
134051910100                4397
159625748030                1367
159625748030                3301
169046403821                183829
169046403821                19717
263787548443                47297
263787548443                62347
330881994258                11161
330881994258                2039
438882621700                16763
438882621700                20369
507397251905                643
507397251905                75013
572522061248                18427
572522061248                44371
687481319598                16139
687481319598                338461
780455791261                3257
780455791261                7057
847632329089                184003
847632329089                7523
854350226239                14821
854350226239                6599
