1000000000000000 k=2 665005737 665005737

14720439
16535628
34714710
40741208
61436388
603346308
1172360113
1368156941
1574100889
1924496102
1989253499
2021860243
6774546339
9770541610
12230855963
12311606487
12540842446
14513723777
26423329489
38648724198
47638558043
50195886916
50811319931
56449248367
86659250142
105146546059
119789313426
125958414196
134051910100
159625748030
169046403821
263787548443
330881994258
438882621700
507397251905
572522061248
687481319598
780455791261
847632329089
854350226239
1058590898418
1120586794122
1232242048449
1335035612680
1381772027297
1413594031050
1703943495510
1727568087390
1966940364235
1987774586712
2104996752809
2117502632477
2472305681732
2586675907089
2812490908237
2927942259000
3351432826375
3454236102931
3460686662270
3944977582626
3973239198592
4183904887387
4841553537068
5116477821584
5218335071151
5322246341208
5568910874701
6056118755090
6156670140372
6198342184609
6535488065299
7536195841843
8050026709272
8186176326646
8852564243835
8873157281320
9602772160300
10164663790403
10882789639747
11239158042284
11305609701744
12562943369935
12663369258863
12771769184237
12893537671782
14142524483460
14162190498277
16144497695615
16278418727966
16324061274347
17084887848061
18036307569304
18314615713617
18780707024780
18822799599280
20150658353025
21747885966981
22169171771517
22967646221882
23404997461558
23544320950306
26130003491638
26155050730490
26445311239146
26491649995331
27168171423507
27507639379180
27827378651750
29147825660242
30978759890712
32944755470190
33464714517201
34270095495396
35142575152796
35293212812932
35475762432961
36018354804816
36473753500722
36841536859274
39847752947318
40569369936782
41208951597342
43502287722106
43645087929207
45289857408945
45391589690041
45573606983876
45645794127864
48003905845281
51094590251752
51305988105225
51852226232841
54380056495480
55282088420398
61139945633618
65406731301225
66779314401278
68460751452500
70133846570013
70824435294185
72988062275295
73206832106978
74187571853558
74601787211509
75766204391264
81875741638433
82034650016214
82952889755802
83049029222663
83182227188806
83702573229920
86434228882952
87573222284761
90584611045655
91126542406785
92743070494901
92925352519709
93033542196940
95314648634293
99032794136683
105479012508876
111476344394228
112185710566031
116126963675990
116415484840896
116805698378849
118241220546755
119632349209896
119857616257819
121029360026086
121634334554356
123856293889418
124994415212326
127697809024919
129901764602269
135056689901816
136647357674552
138123564693919
139890098002082
142882047470225
145138823622343
145249399661250
145282886315525
147447567822452
148263277626420
148788683503394
153153255733049
157500160148676
157844897840997
160868801796759
165965769703525
167335340137728
167469652708989
168979511121290
171413487865207
173268684994588
175127621310882
175815672982694
176939585076886
177419427054888
177881370911222
180151218762898
184492066470346
185373235354612
186400151640912
187177488219961
187352053147532
192692859857034
197243200233429
201254893396413
203511236758645
207625129231203
217562673845024
223097065047262
224257734967619
232251617767476
237497527455755
238046775012548
240526114434430
248205282995099
249235745118366
252221852754989
253499889023914
255552723625912
263510854925058
265359706286712
267390265999421
272500689101498
280622551968323
291277340743981
301258066686643
310750394605546
329010002041898
333560779740327
334916875155462
337905755397316
343738966531248
345424593461867
348238422446196
357959070226836
358498415906576
372318234791649
376483096554930
384922300639371
389944048391509
393159461973175
397513854026846
398414115426649
398849432906445
404405481354176
412884702704439
430240956648410
430529841336476
434131208664241
436486457670887
436916709489608
437909714388941
439471579958457
442498429614807
444493462500002
450816260979917
454504829935819
458705129402474
470738233487457
478845586212457
479294750680428
483061350760403
497124576565407
504773964060264
510807580058877
532426447510354
540386601224801
545260920261007
545492403370839
559326072008250
561866507628606
567098872555560
567982020507115
595790549248186
598552069497303
599260122674605
603748797052352
604223179105688
610622658315070
615881906947305
680321821057181
680356022393551
684838060814646
687593524748163
693985001925076
697697504737070
700382748497648
704525823720213
708034769166069
723637330077477
725298866349745
737032327300689
744165533551456
757188097390635
764077147415138
765811445596781
775496567412121
786590948678393
788664423801139
796947344351074
809976416376363
816838382168331
820954993368592
825325349232022
848183582946535
852331303648599
872833613156956
880213895483751
890179552090959
896282383857789
900142038146272
902374123371856
922458584927679
963362047364323
970287229806985
977985503912446
982492115678509
989163687285540
665005737
dups  323 x=1e+15
