1048576                2
3486784401                3
3487832977                2
95367431640625                5
95370918425026                3
95370919473602                2
79792266297612001                7
79887633729252626                5
79887637216037027                3
79887637217085603                2
672749994932560009201                11
672829787198857621202                7
672829882566289261827                5
672829882569776046228                3
672829882569777094804                2
19004963774880799438801                13
19677713769813359448002                11
19677793562079657060003                7
19677793657447088700628                5
19677793657450575485029                3
19677793657450576533605                2
4064231406647572522401601                17
4083236370422453321840402                13
4083909120417385881849603                11
4083909200209652179461604                7
4083909200305019611102229                5
4083909200305023097886630                3
4083909200305023098935206                2
37589973457545958193355601                19
41654204864193530715757202                17
41673209827968411515196003                13
41673882577963344075205204                11
41673882657755610372817205                7
41673882657850977804457830                5
41673882657850981291242231                3
41673882657850981292290807                2
1716155831334586342923895201                23
1753745804792132301117250802                19
1757810036198779873639652403                17
1757829041162554754439091204                13
1757829713912549686999100405                11
1757829713992341953296712406                7
1757829713992437320728353031                5
1757829713992437324215137432                3
1757829713992437324216186008                2
176994576151109753197786640401                29
178710731982444339540710535602                23
178748321955901885498903891203                19
178752386187308533071426292804                17
178752405192272307952225731605                13
178752405865022302884785740806                11
178752405865102095151083352807                7
178752405865102190518514993432                5
178752405865102190522001777833                3
178752405865102190522002826409                2
671790528819082282036142601601                31
848785104970192035233929242002                29
850501260801526621576853137203                23
850538850774984167535046492804                19
850542915006390815107568894405                17
850542934011354589988368333206                13
850542934684104584920928342407                11
850542934684184377187225954408                7
850542934684184472554657595033                5
850542934684184472558144379434                3
850542934684184472558145428010                2
23122483666661158726686253786801                37
23794274195480241008722396388402                31
23971268771631350761920183028803                29
23972984927462685348263106924004                23
23973022517436142894221300279605                19
23973026581667549541793822681206                17
23973026600672513316674622120007                13
23973026601345263311607182129208                11
23973026601345343103873479741209                7
23973026601345343199240911381834                5
23973026601345343199244398166235                3
23973026601345343199244399214811                2
180167782956420929503029846064801                41
203290266623082088229716099851602                37
203962057151901170511752242453203                31
204139051728052280264950029093604                29
204140767883883614851292952988805                23
204140805473857072397251146344406                19
204140809538088479044823668746007                17
204140809557093442819704468184808                13
204140809557766192814637028194009                11
204140809557766272606903325806010                7
204140809557766272702270757446635                5
204140809557766272702274244231036                3
204140809557766272702274245279612                2
467056167777397914441056671494001                43
647223950733818843944086517558802                41
670346434400480002670772771345603                37
671018224929299084952808913947204                31
671195219505450194706006700587605                29
671196935661281529292349624482806                23
671196973251254986838307817838407                19
671196977315486393485880340240008                17
671196977334491357260761139678809                13
671196977335164107255693699688010                11
671196977335164187047959997300011                7
671196977335164187143327428940636                5
671196977335164187143330915725037                3
671196977335164187143330916773613                2
2766668711962335809450748011342401                47
3233724879739733723891804682836402                43
3413892662696154653394834528901203                41
3437015146362815812121520782688004                37
3437686936891634894403556925289605                31
3437863931467786004156754711930006                29
3437865647623617338743097635825207                23
3437865685213590796289055829180808                19
3437865689277822202936628351582409                17
3437865689296827166711509151021210                13
3437865689297499916706441711030411                11
3437865689297499996498708008642412                7
3437865689297499996594075440283037                5
3437865689297499996594078927067438                3
3437865689297499996594078928116014                2
30585627290848204916791848989276401                53
33352296002810540726242597000618802                47
33819352170587938640683653672112803                43
33999519953544359570186683518177604                41
34022642437211020728913369771964405                37
34023314227739839811195405914566006                31
34023491222315990920948603701206407                29
34023492938471822255534946625101608                23
34023492976061795713080904818457209                19
34023492980126027119728477340858810                17
34023492980145032083503358140297611                13
34023492980145704833498290700306812                11
34023492980145704913290556997918813                7
34023492980145704913385924429559438                5
34023492980145704913385927916343839                3
34023492980145704913385927917392415                2
261240335504588722483367157995242801                59
291825962795436927400159006984519202                53
294592631507399263209609754995861603                47
295059687675176661124050811667355604                43
295239855458133082053553841513420405                41
295262977941799743212280527767207206                37
295263649732328562294562563909808807                31
295263826726904713404315761696449208                29
295263828443060544738902104620344409                23
295263828480650518196448062813700010                19
295263828484714749603095635336101611                17
295263828484733754566870516135540412                13
295263828484734427316865448695549613                11
295263828484734427396657714993161614                7
295263828484734427396753082424802239                5
295263828484734427396753085911586640                3
295263828484734427396753085912635216                2
508858109619679129936596364708525201                61
770098445124267852419963522703768002                59
800684072415116057336755371693044403                53
803450741127078393146206119704386804                47
803917797294855791060647176375880805                43
804097965077812211990150206221945606                41
804121087561478873148876892475732407                37
804121759352007692231158928618334008                31
804121936346583843340912126404974409                29
804121938062739674675498469328869610                23
804121938100329648133044427522225211                19
804121938104393879539692000044626812                17
804121938104412884503466880844065613                13
804121938104413557253461813404074814                11
804121938104413557333254079701686815                7
804121938104413557333349447133327440                5
804121938104413557333349450620111841                3
804121938104413557333349450621160417                2
3322737661703085672358476688602579601                67
3831595771322764802295073053311104802                61
4092836106827353524778440211306347603                59
4123421734118201729695232060295624004                53
4126188402830164065504682808306966405                47
4126655458997941463419123864978460406                43
4126835626780897884348626894824525207                41
4126858749264564545507353581078312008                37
4126859421055093364589635617220913609                31
4126859598049669515699388815007554010                29
4126859599765825347033975157931449211                23
4126859599803415320491521116124804812                19
4126859599807479551898168688647206413                17
4126859599807498556861943569446645214                13
4126859599807499229611938502006654415                11
4126859599807499229691730768304266416                7
4126859599807499229691826135735907041                5
4126859599807499229691826139222691442                3
4126859599807499229691826139223740018                2
10596610576391421032662867140133202401                71
13919348238094506705021343828735782002                67
14428206347714185834957940193444307203                61
14689446683218774557441307351439550004                59
14720032310509622762358099200428826405                53
14722798979221585098167549948440168806                47
14723266035389362496081991005111662807                43
14723446203172318917011494034957727608                41
14723469325655985578170220721211514409                37
14723469997446514397252502757354116010                31
14723470174441090548362255955140756411                29
14723470176157246379696842298064651612                23
14723470176194836353154388256258007213                19
14723470176198900584561035828780408814                17
14723470176198919589524810709579847615                13
14723470176198920262274805642139856816                11
14723470176198920262354597908437468817                7
14723470176198920262354693275869109442                5
14723470176198920262354693279355893843                3
14723470176198920262354693279356942419                2
18469587772135192290560825407466407201                73
29066198348526613323223692547599609602                71
32388936010229698995582169236202189203                67
32897794119849378125518765600910714404                61
33159034455353966848002132758905957205                59
33189620082644815052918924607895233606                53
33192386751356777388728375355906576007                47
33192853807524554786642816412578070008                43
33193033975307511207572319442424134809                41
33193057097791177868731046128677921610                37
33193057769581706687813328164820523211                31
33193057946576282838923081362607163612                29
33193057948292438670257667705531058813                23
33193057948330028643715213663724414414                19
33193057948334092875121861236246816015                17
33193057948334111880085636117046254816                13
33193057948334112552835631049606264017                11
33193057948334112552915423315903876018                7
33193057948334112552915518683335516643                5
33193057948334112552915518686822301044                3
33193057948334112552915518686823349620                2
89648251976843595444986830377401534401                79
